1, 2, 3, 4, 5, 6, 7, 8, 9, 10, 11, 12, 13, 14, 15, 16, 17, 18, 19, 20, 21, 22, 23, 24, 25, 26, 27, 28, 29, 30, 31, 32, 33, 34, 35, 36, 37, 38, 39, 40, 41, 42, 43, 44, 45, 46, 47, 48, 49, 50, 51, 52, 53, 54, 55, 56, 57, 58, 59, 60, 61, 62, 63, 64, 65
0, 0, 0, 0, 0, 0, 0, 0, 0, 1702, 108, 0, 0, 0, 0, 0, 0, 809, 122380, 5495, 0, 0, 0, 0, 0, 487, 10698, 272004, 829, 0, 0, 0, 0, 1, 538, 9993, 80327, 61, 0, 0, 0, 0, 1, 101, 1027, 6119, 7, 0, 0, 0, 0, 5, 0, 150, 1241, 0, 0, 0, 0, 0, 0, 0, 6, 0, epithelium
0, 0, 0, 0, 0, 0, 0, 0, 0, 0, 0, 0, 0, 0, 0, 0, 0, 69, 10038, 1248, 0, 0, 0, 0, 0, 59, 1194, 107833, 1159, 0, 0, 0, 0, 1, 704, 6512, 68043, 86, 0, 0, 0, 0, 6, 298, 1642, 9600, 11, 0, 0, 0, 0, 49, 35, 376, 1634, 0, 0, 0, 0, 0, 3, 0, 46, 35, epithelium
0, 0, 0, 0, 0, 0, 0, 0, 11, 56, 281, 1722, 52, 291, 0, 0, 248, 608, 35693, 166766, 21995, 7620, 4137, 0, 551, 902, 78153, 493522, 71422, 17535, 6778, 0, 277, 82, 16096, 143845, 33814, 6560, 716, 0, 12, 1, 874, 23989, 16691, 3351, 44, 0, 0, 0, 210, 8397, 9790, 1908, 0, 0, 0, 0, 22, 1201, 8081, 528, 0, 0, epithelium
0, 0, 0, 0, 0, 0, 0, 0, 0, 0, 0, 0, 0, 0, 0, 0, 12, 21, 138, 3114, 1018, 1, 0, 0, 145, 138, 1033, 32104, 13711, 376, 0, 0, 92, 4, 581, 17593, 12895, 272, 0, 0, 22, 19, 102, 1020, 1416, 180, 0, 0, 0, 0, 26, 5, 70, 34, 0, 0, 0, 0, 0, 0, 0, 0, 0, 0, epithelium
0, 0, 0, 0, 0, 0, 0, 0, 0, 0, 0, 0, 0, 0, 0, 0, 0, 5, 687, 346, 0, 0, 0, 0, 0, 44, 640, 74165, 953, 0, 0, 0, 0, 2, 610, 3623, 61539, 117, 0, 0, 0, 0, 6, 356, 2441, 10485, 0, 0, 0, 0, 0, 0, 0, 6, 0, 0, 0, 0, 0, 0, 0, 0, 0, 0, epithelium
0, 0, 0, 0, 0, 0, 0, 0, 0, 1, 3, 0, 0, 0, 0, 0, 0, 1, 1643, 245, 0, 0, 0, 0, 0, 7, 290, 23634, 809, 0, 0, 0, 0, 1, 488, 1652, 42751, 117, 0, 0, 0, 0, 8, 291, 2034, 10796, 5, 0, 0, 0, 2, 38, 52, 150, 756, 0, 0, 0, 0, 0, 16, 0, 35, 24, epithelium
0, 0, 0, 0, 0, 0, 0, 0, 0, 772, 88, 0, 0, 0, 0, 0, 0, 113, 32494, 3467, 0, 0, 0, 0, 0, 116, 3056, 253909, 4272, 0, 0, 0, 0, 1, 997, 13228, 259846, 1137, 0, 0, 0, 0, 6, 628, 8330, 70275, 280, 0, 0, 0, 0, 246, 149, 2785, 32171, 11, 0, 0, 1, 0, 218, 17, 960, 2651, epithelium
0, 0, 0, 0, 0, 0, 0, 0, 0, 0, 0, 0, 0, 0, 0, 0, 0, 6, 1109, 164, 0, 0, 0, 0, 0, 10, 365, 29298, 2293, 0, 0, 0, 0, 0, 857, 2213, 147177, 1643, 0, 0, 0, 2, 8, 1105, 7881, 175937, 96, 0, 0, 0, 0, 41, 0, 2922, 7542, 2, 0, 0, 0, 0, 0, 0, 153, 1100, epithelium
0, 0, 0, 0, 0, 0, 0, 0, 0, 0, 0, 0, 0, 0, 0, 0, 0, 0, 0, 1, 74, 1, 0, 0, 0, 1, 171, 611, 6450, 268, 0, 0, 0, 4, 401, 1655, 24561, 1911, 0, 0, 0, 0, 19, 179, 5572, 1342, 20, 0, 0, 1, 28, 90, 1114, 223, 29, 0, 0, 0, 0, 0, 6, 0, 0, 0, epithelium
3, 1, 0, 0, 0, 0, 0, 0, 91, 28673, 1198, 0, 0, 0, 0, 0, 0, 3040, 118235, 705, 0, 0, 0, 0, 0, 133, 4212, 40501, 94, 0, 0, 0, 0, 0, 162, 1062, 7916, 21, 0, 0, 0, 0, 3, 79, 412, 3295, 4, 0, 0, 0, 0, 16, 0, 144, 679, 0, 0, 0, 0, 0, 0, 0, 2, 0, epithelium
0, 0, 0, 0, 0, 0, 0, 0, 0, 0, 0, 0, 0, 0, 0, 0, 0, 12, 291, 89, 0, 0, 0, 0, 0, 19, 328, 11192, 835, 0, 0, 0, 0, 2, 527, 1035, 39979, 73, 0, 0, 0, 0, 8, 111, 2028, 7273, 3, 0, 0, 0, 0, 0, 0, 56, 148, 0, 0, 0, 0, 0, 0, 0, 0, 0, epithelium
0, 0, 0, 0, 0, 0, 0, 0, 0, 54, 9, 0, 0, 0, 0, 0, 0, 313, 38433, 2835, 0, 0, 0, 0, 0, 351, 5767, 368103, 738, 0, 0, 0, 0, 1, 630, 11440, 82452, 15, 0, 0, 0, 0, 3, 173, 304, 2251, 0, 0, 0, 0, 0, 27, 0, 40, 150, 0, 0, 0, 0, 0, 0, 0, 0, 0, epithelium
0, 0, 0, 0, 0, 0, 0, 0, 0, 127, 6091, 93, 0, 0, 0, 0, 1, 859, 62037, 3073, 30, 0, 0, 0, 0, 256, 8581, 1752, 140, 0, 0, 0, 0, 116, 1678, 536, 125, 0, 0, 0, 0, 46, 327, 156, 53, 0, 0, 0, 0, 4, 39, 7, 1, 0, 0, 0, 0, 6, 8, 0, 0, 0, 0, 0, epithelium
0, 0, 0, 0, 0, 0, 0, 0, 0, 432, 32, 0, 0, 0, 0, 0, 0, 33, 1390, 120, 0, 0, 0, 0, 0, 36, 461, 20604, 621, 0, 0, 0, 0, 1, 396, 1396, 36117, 755, 0, 0, 0, 1, 5, 380, 1432, 42101, 328, 0, 0, 0, 0, 236, 161, 2332, 52508, 142, 0, 0, 0, 0, 74, 1, 3078, 27548, epithelium
0, 0, 0, 0, 0, 0, 0, 0, 0, 0, 0, 0, 0, 0, 0, 0, 0, 0, 0, 17, 83, 6, 0, 0, 18, 3, 81, 2287, 9010, 1838, 42, 0, 99, 8, 276, 4537, 28222, 10005, 436, 0, 85, 0, 161, 1690, 14942, 8347, 848, 0, 41, 28, 37, 98, 939, 780, 286, 10, 1, 8, 15, 21, 438, 381, 11, 7, epithelium
0, 0, 0, 0, 0, 0, 0, 0, 0, 4, 0, 0, 0, 0, 0, 0, 0, 24, 5165, 530, 0, 0, 0, 0, 0, 42, 950, 79496, 1363, 0, 0, 0, 0, 1, 833, 4711, 92739, 240, 0, 0, 0, 0, 6, 265, 2600, 19940, 16, 0, 0, 0, 0, 19, 14, 325, 1270, 0, 0, 0, 0, 1, 18, 0, 56, 53, epithelium
0, 0, 0, 0, 0, 0, 0, 0, 0, 261, 54, 0, 0, 0, 0, 0, 0, 91, 5194, 1045, 0, 0, 0, 0, 0, 44, 840, 99468, 2013, 0, 0, 0, 0, 1, 754, 5586, 112185, 302, 0, 0, 0, 0, 11, 425, 4761, 31016, 12, 0, 0, 0, 0, 51, 11, 597, 1986, 3, 0, 0, 0, 0, 33, 0, 118, 427, epithelium
0, 0, 0, 0, 0, 0, 0, 0, 0, 0, 0, 0, 0, 0, 0, 0, 1, 104, 4988, 206, 0, 0, 0, 0, 0, 109, 1007, 38647, 144, 0, 0, 0, 0, 0, 159, 1433, 15974, 0, 0, 0, 0, 1, 1, 49, 246, 567, 0, 0, 0, 0, 0, 12, 9, 26, 202, 0, 0, 0, 0, 1, 30, 0, 51, 42, epithelium
0, 0, 0, 0, 0, 0, 0, 0, 0, 0, 0, 0, 0, 0, 0, 0, 0, 4, 538, 54, 0, 0, 0, 0, 0, 71, 470, 15035, 25, 0, 0, 0, 0, 2, 294, 461, 22353, 97, 0, 0, 0, 1, 2, 422, 1269, 63299, 38, 0, 0, 0, 0, 131, 38, 1503, 9372, 0, 0, 0, 0, 0, 4, 0, 42, 75, epithelium
0, 0, 0, 0, 0, 0, 0, 0, 0, 160, 9, 0, 0, 0, 0, 0, 0, 201, 23473, 686, 0, 0, 0, 0, 0, 153, 2322, 95329, 679, 0, 0, 0, 0, 0, 350, 3512, 55184, 151, 0, 0, 0, 0, 6, 322, 1568, 18582, 20, 0, 0, 0, 1, 122, 19, 526, 3859, 5, 0, 0, 0, 0, 39, 0, 196, 3207, epithelium
0, 0, 0, 0, 0, 0, 0, 0, 0, 0, 7, 0, 0, 0, 0, 0, 0, 215, 27337, 1422, 0, 0, 0, 0, 0, 200, 3493, 85972, 202, 0, 0, 0, 0, 2, 302, 3097, 18943, 16, 0, 0, 0, 0, 0, 38, 177, 1110, 2, 0, 0, 0, 0, 9, 5, 42, 277, 0, 0, 0, 0, 0, 4, 0, 12, 0, epithelium
0, 0, 0, 0, 0, 0, 0, 0, 7, 91, 2, 0, 0, 0, 0, 0, 0, 14, 1604, 216, 0, 0, 0, 0, 0, 11, 533, 61250, 2066, 0, 0, 0, 0, 2, 947, 5300, 127221, 101, 0, 0, 0, 0, 4, 248, 1753, 7499, 5, 0, 0, 0, 0, 47, 39, 222, 1377, 0, 0, 0, 0, 0, 7, 0, 58, 57, epithelium
0, 0, 0, 0, 0, 0, 0, 0, 14, 519, 122, 0, 0, 0, 0, 0, 0, 168, 39789, 2101, 0, 0, 0, 0, 0, 132, 3764, 152961, 893, 0, 0, 0, 0, 2, 651, 5853, 55060, 245, 0, 0, 0, 0, 4, 255, 1850, 16728, 15, 0, 0, 0, 0, 17, 6, 239, 1637, 6, 0, 0, 1, 0, 90, 0, 91, 876, epithelium
0, 0, 0, 0, 0, 0, 0, 0, 0, 56, 53, 0, 0, 0, 0, 0, 1, 365, 23015, 237, 0, 0, 0, 0, 0, 82, 1355, 14944, 43, 0, 0, 0, 0, 0, 159, 376, 4993, 8, 0, 0, 0, 1, 3, 101, 264, 1338, 0, 0, 0, 0, 1, 15, 3, 54, 57, 0, 0, 0, 0, 0, 0, 0, 0, 0, epithelium
0, 0, 0, 0, 0, 0, 0, 0, 0, 0, 0, 0, 143, 255, 0, 0, 0, 0, 15, 118, 2298, 4512, 2, 0, 0, 4, 106, 679, 16362, 29597, 116, 0, 0, 0, 232, 1238, 34267, 69778, 321, 0, 0, 1, 132, 2312, 68232, 160181, 833, 0, 0, 0, 20, 707, 22402, 53841, 362, 0, 0, 0, 0, 3, 659, 1550, 4, 0, epithelium
0, 0, 0, 0, 0, 0, 0, 0, 0, 0, 0, 0, 0, 0, 0, 0, 0, 0, 0, 7, 273, 0, 0, 0, 0, 0, 283, 3120, 31762, 317, 0, 0, 0, 1, 644, 7064, 92135, 1462, 0, 0, 0, 1, 336, 944, 15951, 103, 0, 0, 0, 0, 32, 111, 1543, 0, 0, 0, 0, 0, 9, 0, 322, 0, 0, 0, epithelium
0, 0, 0, 0, 0, 0, 0, 0, 14, 13902, 929, 0, 0, 0, 0, 0, 2, 2548, 133212, 578, 0, 0, 0, 0, 0, 129, 4366, 45902, 86, 0, 0, 0, 0, 0, 59, 1127, 7396, 1, 0, 0, 0, 0, 0, 9, 116, 282, 0, 0, 0, 0, 0, 0, 0, 11, 12, 0, 0, 0, 0, 0, 0, 0, 0, 0, epithelium
0, 0, 0, 0, 0, 0, 0, 0, 0, 1, 6, 0, 0, 0, 0, 0, 0, 150, 9910, 1825, 0, 0, 0, 0, 0, 123, 1423, 119947, 429, 0, 0, 0, 0, 1, 416, 6395, 29780, 86, 0, 0, 0, 0, 3, 188, 721, 8215, 3, 0, 0, 0, 1, 46, 0, 414, 542, 0, 0, 0, 0, 0, 0, 0, 0, 0, epithelium
0, 0, 0, 0, 0, 0, 0, 0, 0, 0, 0, 0, 0, 0, 0, 0, 0, 16, 556, 109, 0, 0, 0, 0, 0, 11, 254, 31855, 2064, 0, 0, 0, 0, 3, 689, 2180, 121642, 711, 0, 0, 0, 0, 4, 637, 5853, 56660, 168, 0, 0, 0, 1, 185, 40, 1484, 9881, 2, 0, 0, 0, 0, 2, 1, 61, 156, epithelium
0, 0, 0, 0, 0, 0, 0, 0, 0, 5, 7, 0, 0, 0, 0, 0, 0, 64, 2927, 143, 0, 0, 0, 0, 0, 62, 461, 34911, 1254, 0, 0, 0, 0, 3, 819, 3047, 88925, 315, 0, 0, 0, 0, 4, 289, 2773, 35000, 17, 0, 0, 0, 0, 21, 2, 589, 3011, 0, 0, 0, 0, 0, 0, 0, 50, 25, epithelium
0, 0, 0, 0, 0, 0, 0, 0, 0, 0, 0, 0, 0, 0, 0, 0, 0, 0, 0, 0, 0, 0, 0, 0, 0, 0, 0, 0, 5, 0, 0, 0, 0, 1, 78, 46, 3731, 384, 0, 0, 0, 0, 1, 410, 481, 20264, 38, 0, 0, 0, 2, 149, 2, 1200, 2733, 0, 0, 0, 0, 0, 0, 0, 31, 28, epithelium
0, 0, 0, 0, 0, 0, 0, 0, 0, 0, 0, 0, 0, 0, 0, 0, 0, 0, 0, 21, 75, 14, 0, 0, 22, 19, 26, 466, 11235, 4176, 81, 1, 147, 0, 405, 2331, 129125, 51373, 709, 5, 295, 4, 353, 1805, 65483, 44668, 1515, 5, 73, 21, 23, 482, 5943, 5793, 917, 0, 0, 0, 0, 1, 20, 99, 25, 0, epithelium
0, 0, 0, 0, 0, 0, 0, 0, 0, 0, 4, 0, 0, 0, 0, 0, 0, 0, 339, 65, 0, 0, 0, 0, 0, 0, 66, 5416, 888, 0, 0, 0, 0, 1, 390, 496, 41448, 1341, 0, 0, 0, 0, 10, 584, 2755, 61599, 586, 0, 0, 0, 0, 149, 67, 3607, 37509, 91, 0, 0, 1, 1, 365, 0, 1170, 21670, epithelium
0, 0, 0, 0, 0, 0, 0, 0, 31, 18587, 1273, 0, 0, 0, 0, 0, 1, 2180, 168126, 1387, 0, 0, 0, 0, 0, 255, 8450, 100935, 205, 0, 0, 0, 0, 0, 235, 2208, 16024, 42, 0, 0, 0, 0, 0, 56, 669, 5870, 9, 0, 0, 0, 0, 0, 0, 276, 1506, 0, 0, 0, 0, 0, 0, 0, 4, 0, epithelium
0, 0, 0, 0, 0, 0, 0, 0, 0, 0, 0, 0, 0, 0, 0, 0, 0, 21, 312, 18, 0, 0, 0, 0, 0, 2, 102, 18164, 1185, 0, 0, 0, 0, 2, 988, 1676, 114790, 294, 0, 0, 0, 0, 4, 313, 4352, 29155, 13, 0, 0, 0, 1, 103, 17, 454, 2758, 0, 0, 0, 0, 0, 0, 0, 0, 0, epithelium
0, 0, 0, 0, 0, 0, 0, 0, 0, 221, 64, 0, 0, 0, 0, 0, 0, 280, 27247, 385, 0, 0, 0, 0, 0, 124, 2007, 42271, 163, 0, 0, 0, 0, 0, 222, 925, 11606, 79, 0, 0, 0, 0, 4, 159, 406, 6817, 25, 0, 0, 0, 2, 88, 46, 369, 2284, 0, 0, 0, 0, 0, 22, 2, 98, 184, epithelium
0, 0, 0, 0, 0, 0, 0, 0, 0, 0, 0, 0, 0, 0, 0, 0, 0, 0, 194, 29, 0, 0, 0, 0, 0, 6, 128, 6643, 336, 0, 0, 0, 0, 0, 211, 605, 36164, 229, 0, 0, 0, 0, 2, 409, 1601, 20578, 18, 0, 0, 0, 1, 192, 48, 757, 3349, 4, 0, 0, 0, 0, 23, 0, 80, 217, epithelium
0, 0, 0, 0, 0, 0, 0, 0, 0, 0, 0, 0, 0, 0, 0, 0, 0, 0, 178, 33, 0, 0, 0, 0, 0, 0, 17, 770, 134, 0, 0, 0, 0, 0, 172, 218, 35874, 4043, 0, 0, 0, 0, 8, 1543, 3685, 241237, 1968, 0, 0, 0, 0, 499, 184, 13325, 123476, 76, 0, 0, 0, 0, 76, 2, 1691, 11687, epithelium
0, 0, 0, 0, 0, 0, 0, 0, 0, 0, 0, 0, 0, 0, 0, 0, 0, 0, 0, 0, 0, 0, 0, 0, 0, 0, 48, 3679, 908, 0, 0, 0, 0, 2, 698, 707, 59901, 79, 0, 0, 0, 1, 1, 202, 2398, 5329, 0, 0, 0, 0, 1, 10, 0, 20, 0, 0, 0, 0, 0, 0, 0, 0, 0, 0, epithelium
0, 0, 0, 0, 0, 0, 0, 0, 0, 0, 0, 0, 0, 0, 0, 0, 0, 0, 0, 0, 0, 0, 0, 0, 2, 0, 0, 1, 486, 599, 2, 0, 99, 5, 157, 285, 9567, 14504, 97, 0, 137, 8, 136, 525, 13330, 28566, 161, 0, 6, 0, 3, 57, 785, 2020, 18, 0, 0, 0, 0, 0, 0, 0, 0, 0, epithelium
0, 0, 0, 0, 0, 0, 0, 0, 0, 0, 0, 0, 0, 0, 0, 0, 0, 0, 0, 1, 2, 0, 0, 0, 0, 0, 85, 252, 11229, 4461, 0, 0, 0, 1, 414, 1235, 55734, 37553, 18, 0, 0, 1, 66, 956, 33790, 65679, 292, 0, 0, 0, 3, 157, 5661, 17289, 76, 0, 0, 0, 0, 20, 81, 653, 1, 0, epithelium
0, 0, 0, 0, 0, 0, 0, 0, 0, 0, 0, 0, 0, 0, 0, 0, 0, 0, 0, 0, 0, 0, 0, 0, 0, 0, 11, 237, 11, 0, 0, 0, 0, 0, 8, 8, 752, 56, 0, 0, 0, 0, 0, 227, 85, 19299, 611, 0, 0, 0, 3, 585, 424, 2238, 99471, 24, 0, 0, 0, 1, 169, 2, 1185, 4191, epithelium
0, 0, 0, 0, 0, 0, 0, 0, 0, 1, 7, 0, 0, 0, 0, 0, 0, 6, 627, 114, 0, 0, 0, 0, 0, 14, 117, 15925, 1382, 0, 0, 0, 0, 1, 424, 1476, 76109, 1002, 0, 0, 0, 1, 10, 742, 4225, 57095, 331, 0, 0, 0, 1, 203, 63, 1861, 16825, 11, 0, 0, 0, 0, 50, 1, 447, 1554, epithelium
0, 0, 0, 0, 0, 0, 0, 0, 0, 0, 0, 0, 0, 0, 0, 0, 0, 4, 230, 23, 0, 0, 0, 0, 0, 4, 68, 6238, 255, 0, 0, 0, 0, 1, 227, 401, 23177, 207, 0, 0, 0, 0, 1, 328, 1153, 22091, 96, 0, 0, 0, 2, 151, 184, 1038, 13758, 21, 0, 0, 0, 0, 57, 1, 484, 1624, epithelium
0, 0, 0, 0, 0, 0, 0, 0, 0, 0, 0, 0, 0, 0, 0, 0, 0, 0, 37, 22, 0, 0, 0, 0, 0, 0, 12, 3624, 650, 0, 0, 0, 0, 1, 222, 264, 31644, 859, 0, 0, 0, 0, 5, 257, 1933, 34633, 519, 0, 0, 0, 1, 217, 190, 2002, 32508, 233, 0, 0, 0, 1, 719, 0, 1927, 62080, epithelium
0, 0, 0, 0, 0, 0, 0, 0, 0, 0, 0, 0, 0, 0, 0, 0, 0, 0, 78, 14, 0, 0, 0, 0, 0, 0, 293, 36419, 485, 0, 0, 0, 0, 1, 727, 3635, 90115, 231, 0, 0, 0, 0, 1, 293, 1779, 30391, 172, 0, 0, 0, 0, 170, 44, 1039, 13548, 1, 0, 0, 1, 1, 94, 1, 168, 924, epithelium
0, 0, 0, 0, 0, 0, 0, 0, 0, 0, 0, 0, 13, 0, 0, 0, 0, 18, 56, 55, 238, 399, 74, 0, 173, 133, 218, 4010, 26379, 10885, 872, 8, 333, 11, 662, 8286, 129124, 70171, 4439, 149, 136, 1, 181, 4143, 88783, 50041, 6014, 187, 1, 0, 0, 458, 13524, 7558, 3238, 511, 0, 0, 0, 240, 3000, 1766, 2634, 2438, epithelium
0, 0, 0, 0, 0, 0, 0, 0, 0, 0, 0, 0, 0, 0, 0, 0, 0, 4, 1292, 168, 0, 0, 0, 0, 0, 11, 256, 9862, 287, 0, 0, 0, 0, 1, 340, 891, 17929, 92, 0, 0, 0, 0, 6, 208, 847, 6500, 15, 0, 0, 0, 1, 10, 0, 160, 999, 0, 0, 0, 0, 0, 0, 0, 62, 863, epithelium
0, 0, 0, 0, 0, 0, 0, 0, 0, 0, 0, 0, 0, 0, 0, 0, 0, 0, 7, 12, 0, 0, 0, 0, 0, 0, 28, 976, 185, 0, 0, 0, 0, 0, 217, 120, 29269, 869, 0, 0, 0, 1, 10, 469, 2364, 45039, 151, 0, 0, 0, 1, 136, 131, 1856, 13091, 4, 0, 0, 1, 1, 179, 2, 260, 1327, epithelium
0, 0, 0, 0, 0, 0, 0, 0, 0, 0, 0, 0, 0, 0, 0, 0, 0, 0, 69, 16, 0, 0, 0, 0, 0, 12, 77, 2718, 155, 0, 0, 0, 0, 1, 199, 239, 19920, 212, 0, 0, 0, 1, 9, 355, 1397, 14016, 18, 0, 0, 0, 0, 77, 18, 333, 962, 0, 0, 0, 0, 0, 0, 0, 0, 0, epithelium
0, 0, 0, 0, 0, 0, 0, 0, 0, 0, 0, 0, 0, 0, 0, 0, 0, 0, 0, 3, 0, 0, 0, 0, 0, 1, 10, 3402, 339, 0, 0, 0, 0, 0, 319, 423, 27789, 327, 0, 0, 0, 1, 6, 357, 1388, 25410, 60, 0, 0, 0, 0, 128, 141, 769, 8463, 7, 0, 0, 0, 0, 55, 0, 379, 2047, epithelium
0, 0, 0, 0, 0, 0, 0, 0, 0, 0, 0, 0, 0, 0, 0, 0, 0, 0, 0, 0, 0, 31, 10, 0, 0, 1, 8, 26, 88, 1629, 278, 0, 0, 1, 33, 289, 985, 15247, 1694, 0, 0, 1, 4, 714, 2886, 59220, 6874, 12, 0, 0, 0, 201, 1319, 30985, 2460, 24, 0, 0, 0, 22, 126, 4038, 695, 59, epithelium
0, 0, 0, 0, 0, 0, 0, 0, 0, 0, 0, 0, 0, 0, 0, 0, 0, 0, 0, 0, 0, 0, 0, 0, 0, 0, 0, 191, 14, 0, 0, 0, 0, 1, 107, 98, 16141, 1821, 0, 0, 0, 1, 5, 1099, 1838, 92090, 580, 0, 0, 0, 1, 336, 31, 5227, 47495, 90, 0, 0, 0, 0, 0, 0, 535, 7023, epithelium
0, 0, 0, 0, 0, 0, 0, 0, 0, 0, 0, 0, 0, 0, 0, 0, 0, 31, 528, 141, 0, 0, 0, 0, 0, 16, 361, 45311, 3025, 0, 0, 0, 0, 3, 963, 3720, 157377, 1068, 0, 0, 0, 0, 3, 678, 6413, 82210, 177, 0, 0, 0, 0, 106, 3, 2462, 12367, 0, 0, 0, 0, 0, 0, 0, 6, 0, epithelium
0, 0, 0, 0, 0, 0, 0, 0, 0, 300, 36, 0, 0, 0, 0, 0, 0, 454, 24401, 327, 0, 0, 0, 0, 0, 108, 1395, 27418, 64, 0, 0, 0, 0, 0, 165, 999, 10838, 17, 0, 0, 0, 0, 0, 112, 359, 2679, 0, 0, 0, 0, 2, 10, 0, 9, 3, 0, 0, 0, 0, 0, 0, 0, 0, 0, epithelium
0, 0, 0, 0, 0, 0, 0, 0, 0, 0, 0, 0, 0, 0, 0, 0, 0, 0, 0, 0, 0, 0, 0, 0, 0, 0, 19, 2708, 604, 0, 0, 0, 0, 2, 296, 258, 37192, 799, 0, 0, 0, 0, 9, 686, 2983, 42726, 31, 0, 0, 0, 0, 77, 12, 1114, 3194, 1, 0, 0, 0, 0, 24, 0, 79, 211, epithelium
0, 0, 0, 0, 0, 0, 0, 0, 0, 15, 27, 0, 0, 0, 0, 0, 0, 64, 8723, 1123, 0, 0, 0, 0, 0, 99, 1141, 60550, 248, 0, 0, 0, 0, 0, 258, 2837, 14398, 20, 0, 0, 0, 1, 2, 119, 315, 1404, 28, 0, 0, 0, 1, 43, 78, 148, 1357, 1, 0, 0, 0, 0, 22, 0, 152, 462, epithelium
0, 0, 0, 0, 0, 0, 0, 0, 0, 0, 0, 0, 0, 0, 0, 0, 0, 3, 226, 51, 0, 0, 0, 0, 0, 9, 424, 21692, 500, 0, 0, 0, 0, 1, 531, 1190, 33001, 394, 0, 0, 0, 0, 5, 306, 1304, 43315, 357, 0, 0, 0, 0, 138, 113, 2341, 44200, 109, 0, 0, 1, 0, 99, 1, 1804, 17629, epithelium
0, 0, 0, 0, 0, 0, 0, 0, 0, 0, 0, 0, 0, 0, 0, 0, 5, 4, 1, 1, 9, 0, 0, 0, 15, 11, 21, 169, 2723, 2024, 37, 0, 134, 2, 259, 639, 17091, 13988, 218, 0, 43, 9, 92, 590, 14248, 10966, 371, 3, 44, 0, 5, 197, 3191, 2012, 196, 3, 0, 0, 1, 9, 21, 41, 30, 9, epithelium
0, 0, 0, 0, 0, 0, 0, 0, 0, 0, 0, 0, 0, 0, 0, 0, 0, 0, 0, 55, 1028, 644, 0, 0, 0, 0, 116, 2092, 33154, 13132, 759, 41, 0, 0, 471, 3576, 78965, 31940, 2949, 235, 0, 1, 86, 1976, 42117, 39494, 3382, 274, 0, 0, 1, 440, 12243, 22601, 2057, 24, 0, 0, 0, 76, 2368, 6271, 3151, 1750, epithelium
0, 0, 0, 0, 0, 0, 0, 0, 0, 68, 1, 0, 0, 0, 0, 0, 0, 64, 3205, 74, 0, 0, 0, 0, 0, 52, 426, 22942, 721, 0, 0, 0, 0, 1, 467, 1374, 67130, 785, 0, 0, 0, 0, 3, 414, 3148, 53585, 102, 0, 0, 0, 2, 215, 95, 1424, 10680, 3, 0, 0, 0, 0, 42, 1, 241, 2462, epithelium
0, 0, 0, 0, 0, 0, 0, 0, 0, 0, 0, 0, 0, 0, 0, 0, 0, 0, 6, 11, 0, 0, 0, 0, 0, 0, 50, 4224, 459, 0, 0, 0, 0, 1, 419, 610, 24100, 94, 0, 0, 0, 1, 5, 264, 1035, 7072, 0, 0, 0, 0, 0, 5, 0, 42, 18, 0, 0, 0, 0, 0, 0, 0, 0, 0, epithelium
0, 0, 0, 0, 0, 0, 0, 0, 0, 0, 1, 116, 100, 6, 11, 0, 91, 80, 344, 4210, 3430, 64, 54, 0, 145, 142, 1656, 53714, 29871, 1030, 102, 0, 135, 16, 1065, 35477, 27243, 1001, 23, 0, 19, 0, 128, 3944, 2987, 734, 132, 0, 0, 0, 7, 334, 316, 333, 86, 0, 0, 0, 0, 8, 161, 16, 0, 0, epithelium
0, 0, 0, 0, 0, 0, 0, 0, 0, 350, 57, 0, 0, 0, 0, 0, 0, 204, 35336, 2114, 0, 0, 0, 0, 0, 245, 3367, 192142, 2017, 0, 0, 0, 0, 0, 841, 9849, 120427, 341, 0, 0, 0, 0, 1, 210, 3347, 35693, 65, 0, 0, 0, 0, 1, 0, 1118, 5359, 0, 0, 0, 0, 0, 0, 0, 60, 305, epithelium
0, 0, 0, 0, 0, 0, 0, 0, 0, 0, 0, 0, 0, 0, 0, 0, 0, 11, 520, 73, 0, 0, 0, 0, 0, 4, 94, 6422, 1691, 0, 0, 0, 0, 1, 660, 655, 86453, 1129, 0, 0, 0, 1, 9, 698, 5925, 59933, 58, 0, 0, 0, 0, 43, 0, 1278, 3997, 0, 0, 0, 0, 0, 0, 0, 20, 69, epithelium
0, 0, 0, 0, 0, 0, 0, 0, 0, 0, 0, 0, 0, 0, 0, 0, 0, 43, 1050, 138, 0, 0, 0, 0, 0, 46, 392, 17091, 201, 0, 0, 0, 0, 1, 336, 779, 22415, 64, 0, 0, 0, 0, 0, 126, 1019, 6790, 6, 0, 0, 0, 0, 49, 18, 119, 719, 1, 0, 0, 1, 1, 24, 0, 27, 73, epithelium
0, 0, 0, 0, 0, 0, 0, 0, 0, 0, 0, 11, 166, 0, 0, 0, 21, 16, 274, 1752, 2721, 277, 0, 0, 277, 218, 945, 21338, 40916, 5910, 119, 0, 157, 26, 1325, 27262, 65559, 12015, 421, 0, 1, 3, 399, 8293, 22375, 7034, 854, 7, 0, 0, 35, 1023, 2829, 2169, 773, 34, 0, 0, 0, 23, 101, 112, 171, 44, epithelium
0, 0, 0, 0, 0, 0, 0, 0, 0, 182, 47, 0, 0, 0, 0, 0, 0, 15, 3294, 518, 0, 0, 0, 0, 0, 20, 314, 37400, 2903, 0, 0, 0, 0, 1, 844, 2698, 128414, 1478, 0, 0, 0, 1, 24, 772, 7870, 100661, 193, 0, 0, 0, 0, 123, 27, 2720, 13987, 11, 0, 0, 0, 0, 10, 0, 398, 3100, epithelium
0, 0, 0, 0, 0, 0, 0, 0, 0, 0, 0, 0, 0, 0, 0, 0, 0, 7, 129, 35, 0, 0, 0, 0, 0, 10, 122, 6568, 479, 0, 0, 0, 0, 2, 288, 681, 23137, 205, 0, 0, 0, 0, 5, 302, 1294, 16385, 17, 0, 0, 0, 0, 63, 51, 380, 1284, 0, 0, 0, 0, 0, 15, 0, 40, 30, epithelium
0, 0, 0, 0, 0, 0, 0, 0, 0, 36, 2, 0, 0, 0, 0, 0, 0, 69, 2920, 120, 0, 0, 0, 0, 0, 44, 487, 28669, 550, 0, 0, 0, 0, 2, 927, 2217, 130680, 365, 0, 0, 0, 0, 0, 540, 4138, 83018, 264, 0, 0, 0, 0, 143, 81, 2120, 40438, 12, 0, 0, 0, 0, 13, 2, 595, 5149, epithelium
0, 0, 0, 0, 0, 0, 0, 0, 0, 0, 0, 7, 0, 0, 0, 0, 0, 17, 375, 8063, 28, 0, 0, 0, 0, 24, 1814, 31754, 977, 0, 0, 0, 0, 4, 303, 6015, 767, 0, 0, 0, 0, 1, 70, 476, 97, 7, 0, 0, 0, 0, 4, 9, 37, 1, 0, 0, 0, 0, 0, 0, 0, 0, 0, 0, epithelium
0, 0, 0, 0, 0, 0, 0, 0, 0, 0, 0, 0, 0, 0, 0, 0, 0, 0, 15, 24, 0, 0, 0, 0, 0, 0, 86, 5021, 193, 0, 0, 0, 0, 1, 273, 546, 21955, 133, 0, 0, 0, 1, 7, 254, 1032, 7137, 7, 0, 0, 0, 0, 61, 5, 205, 602, 0, 0, 0, 0, 4, 38, 1, 18, 17, epithelium
0, 0, 0, 0, 0, 0, 0, 0, 0, 41, 12, 0, 0, 0, 0, 0, 0, 12, 867, 195, 0, 0, 0, 0, 0, 20, 426, 88111, 2196, 0, 0, 0, 0, 0, 970, 6367, 166668, 269, 0, 0, 0, 0, 3, 485, 5171, 25226, 31, 0, 0, 0, 2, 208, 29, 549, 5743, 0, 0, 0, 0, 0, 0, 0, 0, 0, epithelium
0, 0, 0, 0, 0, 0, 0, 0, 0, 115, 2534, 1709, 35, 0, 0, 0, 1, 668, 24345, 10603, 323, 0, 0, 0, 0, 211, 12816, 8668, 134, 0, 0, 0, 0, 33, 2627, 2023, 64, 12, 0, 0, 0, 16, 542, 371, 16, 16, 0, 0, 0, 20, 125, 67, 6, 13, 0, 0, 0, 16, 150, 97, 5, 1, 0, 0, epithelium
0, 0, 0, 0, 0, 0, 0, 0, 0, 0, 0, 0, 0, 0, 0, 0, 0, 0, 330, 165, 0, 0, 0, 0, 0, 16, 356, 30775, 740, 0, 0, 0, 0, 2, 411, 2224, 39240, 283, 0, 0, 0, 0, 3, 307, 1680, 13605, 7, 0, 0, 0, 1, 66, 15, 505, 889, 0, 0, 0, 0, 0, 13, 0, 47, 129, epithelium
0, 0, 0, 0, 0, 0, 0, 0, 0, 0, 0, 0, 0, 0, 0, 0, 0, 16, 541, 47, 0, 0, 0, 0, 0, 13, 197, 7252, 666, 0, 0, 0, 0, 1, 490, 679, 37010, 576, 0, 0, 0, 1, 10, 384, 2504, 37083, 37, 0, 0, 0, 0, 69, 2, 984, 3245, 0, 0, 0, 0, 0, 0, 0, 2, 0, epithelium
0, 0, 0, 0, 0, 0, 0, 0, 0, 235, 78, 0, 0, 0, 0, 0, 0, 110, 12636, 924, 0, 0, 0, 0, 0, 31, 949, 64129, 1464, 0, 0, 0, 0, 1, 538, 4218, 79731, 565, 0, 0, 0, 0, 4, 591, 3496, 46193, 85, 0, 0, 0, 1, 142, 22, 1890, 6568, 0, 0, 0, 0, 0, 3, 0, 52, 20, epithelium
0, 0, 0, 0, 0, 0, 0, 0, 0, 0, 0, 0, 0, 0, 0, 0, 0, 9, 2965, 95, 0, 0, 0, 0, 0, 37, 731, 27000, 207, 0, 0, 0, 0, 1, 414, 1224, 28457, 131, 0, 0, 0, 1, 4, 237, 1483, 18625, 64, 0, 0, 0, 0, 31, 22, 342, 6605, 23, 0, 0, 0, 0, 20, 0, 259, 2821, epithelium
0, 0, 0, 0, 0, 0, 0, 0, 0, 0, 0, 0, 0, 0, 0, 0, 0, 0, 4, 6, 0, 0, 0, 0, 0, 0, 25, 1290, 189, 0, 0, 0, 0, 0, 108, 127, 10836, 151, 0, 0, 0, 0, 2, 273, 713, 11171, 76, 0, 0, 0, 1, 132, 69, 563, 9134, 6, 0, 0, 1, 1, 126, 0, 338, 2287, epithelium
0, 0, 0, 0, 0, 0, 0, 0, 0, 0, 0, 0, 0, 0, 0, 0, 0, 40, 996, 369, 0, 0, 0, 0, 0, 17, 263, 19136, 1186, 0, 0, 0, 0, 1, 283, 1188, 35953, 380, 0, 0, 0, 0, 3, 322, 2479, 21757, 53, 0, 0, 0, 2, 196, 64, 1050, 5039, 15, 0, 0, 0, 0, 65, 0, 143, 1416, epithelium
0, 0, 0, 0, 0, 0, 0, 0, 0, 0, 0, 0, 0, 0, 0, 0, 0, 0, 1607, 245, 0, 0, 0, 0, 0, 29, 523, 22979, 391, 0, 0, 0, 0, 0, 241, 982, 30550, 729, 0, 0, 0, 0, 8, 523, 1402, 44573, 386, 0, 0, 0, 1, 234, 173, 2110, 38999, 78, 0, 0, 0, 0, 44, 1, 2280, 18193, epithelium
0, 0, 0, 0, 0, 0, 0, 0, 0, 0, 4, 0, 0, 0, 0, 0, 0, 4, 1439, 336, 0, 0, 0, 0, 0, 23, 712, 79569, 463, 0, 0, 0, 0, 0, 490, 3261, 47525, 156, 0, 0, 0, 0, 5, 303, 1284, 20789, 51, 0, 0, 0, 1, 134, 42, 851, 7360, 12, 0, 0, 1, 0, 139, 0, 177, 2150, epithelium
0, 0, 0, 0, 0, 0, 0, 0, 0, 0, 0, 0, 0, 4, 0, 0, 0, 4, 44, 153, 617, 2901, 791, 0, 0, 9, 130, 587, 3029, 13034, 2225, 0, 0, 0, 76, 506, 5920, 23972, 2943, 0, 0, 0, 16, 754, 15791, 59465, 10266, 4, 0, 0, 10, 392, 10436, 46595, 12088, 21, 0, 0, 1, 95, 1821, 7150, 3274, 26, epithelium
0, 0, 0, 0, 0, 0, 0, 0, 0, 0, 0, 0, 0, 0, 0, 0, 0, 12, 258, 88, 0, 0, 0, 0, 0, 28, 369, 22477, 250, 0, 0, 0, 0, 0, 283, 1267, 21748, 28, 0, 0, 0, 0, 5, 113, 385, 2058, 0, 0, 0, 0, 1, 37, 34, 87, 634, 2, 0, 0, 2, 2, 81, 1, 179, 196, epithelium
0, 0, 0, 0, 0, 0, 0, 0, 0, 0, 0, 0, 0, 0, 0, 0, 0, 0, 333, 43, 0, 0, 0, 0, 0, 2, 49, 5020, 681, 0, 0, 0, 0, 1, 171, 347, 66089, 2357, 0, 0, 0, 0, 3, 1200, 3920, 238455, 2941, 0, 0, 0, 1, 953, 394, 16360, 192619, 131, 0, 0, 1, 1, 117, 1, 2796, 15484, epithelium
0, 0, 0, 0, 0, 0, 0, 0, 0, 0, 6, 0, 0, 0, 0, 0, 0, 33, 6383, 812, 0, 0, 0, 0, 0, 29, 975, 58352, 773, 0, 0, 0, 0, 1, 478, 3744, 41319, 70, 0, 0, 0, 1, 4, 146, 971, 6865, 24, 0, 0, 0, 0, 81, 46, 345, 1566, 4, 0, 0, 0, 0, 35, 1, 94, 746, epithelium
0, 0, 0, 0, 0, 0, 0, 0, 0, 0, 0, 0, 0, 0, 0, 0, 39, 40, 120, 2948, 3145, 555, 0, 0, 209, 226, 1133, 76248, 38920, 4749, 16, 0, 89, 26, 756, 36706, 28607, 3994, 38, 0, 69, 0, 321, 9856, 10282, 3467, 32, 0, 46, 0, 1, 1183, 751, 324, 254, 0, 0, 0, 0, 0, 0, 0, 0, 0, epithelium
0, 0, 0, 0, 0, 0, 0, 0, 0, 1475, 359, 0, 0, 0, 0, 0, 0, 675, 90857, 6797, 0, 0, 0, 0, 0, 424, 6725, 441931, 2432, 0, 0, 0, 0, 0, 678, 21584, 155343, 79, 0, 0, 0, 0, 2, 60, 3006, 8762, 0, 0, 0, 0, 0, 0, 0, 60, 72, 0, 0, 0, 0, 0, 0, 0, 0, 0, epithelium
0, 0, 0, 0, 0, 0, 0, 0, 0, 0, 0, 0, 6, 0, 0, 0, 0, 0, 0, 32, 960, 163, 0, 0, 0, 0, 161, 1616, 26092, 2357, 0, 0, 0, 1, 648, 4562, 121903, 13123, 13, 0, 0, 0, 208, 1211, 34127, 9356, 62, 0, 0, 0, 57, 236, 5617, 2191, 143, 0, 0, 0, 0, 13, 217, 73, 2, 0, epithelium
0, 0, 0, 0, 0, 0, 0, 0, 0, 0, 0, 0, 0, 0, 0, 0, 0, 2, 9, 11, 656, 280, 0, 0, 0, 4, 200, 1211, 19032, 6349, 0, 0, 0, 0, 288, 1860, 43478, 15619, 127, 6, 0, 4, 91, 1355, 45354, 21628, 397, 20, 0, 0, 0, 119, 5188, 1768, 27, 33, 0, 0, 0, 33, 481, 893, 307, 40, epithelium
0, 0, 0, 0, 0, 0, 0, 0, 0, 0, 0, 0, 0, 0, 0, 0, 0, 48, 4908, 116, 0, 0, 0, 0, 0, 46, 519, 14045, 320, 0, 0, 0, 0, 1, 287, 832, 33621, 179, 0, 0, 0, 0, 2, 459, 1418, 42963, 109, 0, 0, 0, 1, 214, 84, 1851, 21873, 0, 0, 0, 0, 0, 0, 0, 8, 0, epithelium
0, 0, 0, 0, 0, 0, 0, 0, 0, 7, 4, 0, 0, 0, 0, 0, 0, 20, 1587, 309, 0, 0, 0, 0, 0, 31, 623, 48328, 1286, 0, 0, 0, 0, 1, 687, 2668, 63431, 457, 0, 0, 0, 1, 15, 305, 3766, 40688, 33, 0, 0, 0, 0, 10, 0, 702, 2322, 0, 0, 0, 0, 0, 0, 0, 0, 0, epithelium
0, 0, 0, 0, 0, 0, 0, 0, 0, 0, 0, 0, 0, 0, 0, 0, 0, 0, 17, 16, 0, 0, 0, 0, 0, 5, 267, 8453, 731, 0, 0, 0, 0, 1, 447, 902, 30393, 122, 0, 0, 0, 0, 3, 153, 1430, 7579, 1, 0, 0, 0, 0, 0, 0, 26, 78, 0, 0, 0, 0, 0, 0, 0, 1, 0, epithelium
0, 0, 0, 0, 0, 0, 0, 0, 0, 0, 0, 5, 1, 0, 0, 0, 1, 22, 311, 5427, 2105, 102, 0, 0, 113, 142, 1614, 36270, 12637, 1229, 0, 0, 128, 21, 663, 16907, 6592, 829, 5, 0, 20, 4, 307, 2994, 1490, 993, 71, 0, 10, 12, 155, 561, 147, 154, 38, 5, 0, 7, 0, 9, 0, 3, 5, 3, epithelium
0, 0, 0, 0, 0, 0, 0, 0, 0, 0, 0, 0, 0, 9, 0, 0, 0, 10, 27, 314, 2964, 1056, 0, 0, 37, 45, 355, 10081, 33321, 6853, 12, 0, 157, 2, 602, 18805, 95397, 33748, 572, 0, 269, 14, 438, 9788, 56538, 26152, 113, 0, 64, 0, 11, 370, 3513, 844, 541, 0, 0, 0, 0, 0, 28, 0, 0, 0, epithelium
0, 0, 0, 0, 0, 0, 0, 0, 0, 0, 0, 0, 0, 0, 0, 0, 0, 0, 0, 511, 402, 3, 0, 0, 69, 50, 177, 9706, 15771, 611, 0, 0, 135, 15, 416, 10894, 20325, 830, 0, 0, 36, 1, 71, 3344, 3999, 846, 1, 0, 0, 0, 1, 82, 7, 76, 3, 0, 0, 0, 0, 0, 0, 0, 0, 0, epithelium
0, 0, 0, 0, 0, 0, 0, 0, 0, 0, 0, 0, 0, 0, 0, 0, 0, 22, 954, 132, 0, 0, 0, 0, 0, 19, 460, 54396, 867, 0, 0, 0, 0, 3, 666, 3568, 74869, 283, 0, 0, 0, 0, 3, 344, 2887, 27266, 1, 0, 0, 0, 0, 25, 10, 179, 260, 0, 0, 0, 0, 1, 18, 1, 33, 14, epithelium
0, 0, 0, 0, 0, 0, 0, 0, 0, 0, 0, 0, 0, 0, 0, 0, 0, 0, 677, 120, 0, 0, 0, 0, 0, 2, 265, 37047, 1726, 0, 0, 0, 0, 1, 1064, 3479, 150849, 684, 0, 0, 0, 0, 5, 510, 5843, 62065, 60, 0, 0, 0, 0, 92, 34, 986, 5743, 0, 0, 0, 0, 0, 0, 0, 75, 114, epithelium
0, 0, 0, 0, 0, 0, 0, 0, 0, 470, 70, 0, 0, 0, 0, 0, 0, 670, 76244, 564, 0, 0, 0, 0, 0, 228, 4896, 50601, 69, 0, 0, 0, 0, 1, 99, 549, 7088, 39, 0, 0, 0, 0, 2, 140, 384, 4445, 5, 0, 0, 0, 0, 37, 63, 235, 1823, 4, 0, 0, 0, 0, 89, 0, 171, 783, epithelium
0, 0, 0, 0, 0, 0, 0, 0, 0, 734, 77, 0, 0, 0, 0, 0, 0, 26, 10415, 1334, 0, 0, 0, 0, 0, 44, 1173, 430764, 32328, 0, 0, 0, 0, 2, 3191, 31721, 1753228, 16246, 0, 0, 0, 0, 23, 2717, 87631, 1413034, 1805, 0, 0, 0, 0, 418, 54, 24213, 142203, 19, 0, 0, 0, 0, 59, 0, 1148, 9474, epithelium
0, 0, 0, 0, 0, 0, 0, 0, 0, 0, 15, 0, 0, 0, 0, 0, 0, 32, 1885, 155, 0, 0, 0, 0, 0, 14, 309, 26698, 2763, 0, 0, 0, 0, 0, 591, 2257, 139625, 2356, 0, 0, 0, 1, 14, 912, 7818, 144265, 465, 0, 0, 0, 2, 359, 90, 5235, 25991, 32, 0, 0, 0, 0, 80, 0, 594, 3467, epithelium
0, 0, 0, 0, 0, 0, 0, 0, 0, 0, 0, 0, 0, 0, 0, 0, 0, 6, 15, 1542, 4735, 1896, 97, 0, 0, 26, 617, 14770, 57015, 29835, 1112, 0, 0, 0, 422, 10005, 56864, 36272, 1453, 0, 0, 0, 151, 6302, 43203, 29717, 832, 0, 0, 3, 104, 3150, 25298, 17732, 302, 0, 0, 0, 0, 540, 13655, 7656, 92, 0, epithelium
